data,stato,codice_regione,denominazione_regione,lat,long,ricoverati_con_sintomi,terapia_intensiva,totale_ospedalizzati,isolamento_domiciliare,totale_positivi,variazione_totale_positivi,nuovi_positivi,dimessi_guariti,deceduti,totale_casi,tamponi,casi_testati,note_it,note_en
2020-03-29T17:00:00,ITA,13,Abruzzo,42.35122196,13.39843823,329,68,397,772,1169,142,160,36,88,1293,7730,,,
2020-03-29T17:00:00,ITA,17,Basilicata,40.63947052,15.80514834,32,18,50,147,197,19,20,1,4,202,1585,,,
2020-03-29T17:00:00,ITA,21,P.A. Bolzano,46.49933453,11.35662422,234,56,290,744,1034,105,105,116,64,1214,10137,,,
2020-03-29T17:00:00,ITA,18,Calabria,38.90597598,16.59440194,124,19,143,434,577,54,59,12,25,614,8485,,,
2020-03-29T17:00:00,ITA,15,Campania,40.83956555,14.25084984,476,135,611,945,1556,149,167,86,117,1759,11805,,,
2020-03-29T17:00:00,ITA,08,Emilia-Romagna,44.49436681,11.3417208,3769,333,4102,6433,10535,571,736,1141,1443,13119,52991,,pd-IT-0008,pd-EN-0008
2020-03-29T17:00:00,ITA,06,Friuli Venezia Giulia,45.6494354,13.76813649,236,60,296,845,1141,21,44,241,98,1480,13397,,,
2020-03-29T17:00:00,ITA,12,Lazio,41.89277044,12.48366722,1062,133,1195,1167,2362,181,201,208,136,2706,27744,,,
2020-03-29T17:00:00,ITA,07,Liguria,44.41149315,8.9326992,1077,166,1243,1036,2279,193,254,420,377,3076,9100,,,
2020-03-29T17:00:00,ITA,03,Lombardia,45.46679409,9.190347404,11613,1328,12941,12451,25392,883,1592,9255,6360,41007,107398,,,
2020-03-29T17:00:00,ITA,11,Marche,43.61675973,13.5188753,1000,168,1168,1992,3160,161,185,12,386,3558,10431,,,
2020-03-29T17:00:00,ITA,14,Molise,41.55774754,14.65916051,25,9,34,66,100,2,4,18,9,127,918,,,
2020-03-29T17:00:00,ITA,01,Piemonte,45.0732745,7.680687483,2985,443,3428,3840,7268,417,535,254,684,8206,24058,,,
2020-03-29T17:00:00,ITA,16,Puglia,41.12559576,16.86736689,559,99,658,774,1432,74,91,31,86,1549,12361,,,
2020-03-29T17:00:00,ITA,20,Sardegna,39.21531192,9.110616306,105,23,128,454,582,13,14,29,27,638,4598,,,
2020-03-29T17:00:00,ITA,19,Sicilia,38.11569725,13.3623567,451,71,522,808,1330,88,101,65,65,1460,13814,,,
2020-03-29T17:00:00,ITA,09,Toscana,43.76923077,11.25588885,1111,275,1386,2400,3786,275,305,121,215,4122,27579,,,
2020-03-29T17:00:00,ITA,22,P.A. Trento,46.06893511,11.12123097,356,75,431,862,1293,59,89,172,129,1594,5950,,,
2020-03-29T17:00:00,ITA,10,Umbria,43.10675841,12.38824698,166,46,212,685,897,-1,54,95,31,1023,7685,,,
2020-03-29T17:00:00,ITA,02,Valle d'Aosta,45.73750286,7.320149366,90,26,116,423,539,71,73,2,43,584,1480,,,
2020-03-29T17:00:00,ITA,05,Veneto,45.43490485,12.33845213,1586,355,1941,5310,7251,338,428,715,392,8358,94784,,,
