data,stato,codice_regione,denominazione_regione,lat,long,ricoverati_con_sintomi,terapia_intensiva,totale_ospedalizzati,isolamento_domiciliare,totale_positivi,variazione_totale_positivi,nuovi_positivi,dimessi_guariti,deceduti,totale_casi,tamponi,casi_testati,note_it,note_en
2020-05-11T17:00:00,ITA,13,Abruzzo,42.35122196,13.39843823,231,9,240,1369,1609,-62,4,1132,366,3107,48903,34428,,
2020-05-11T17:00:00,ITA,17,Basilicata,40.63947052,15.80514834,46,1,47,95,142,-1,1,217,27,386,18266,17774,,
2020-05-11T17:00:00,ITA,21,P.A. Bolzano,46.49933453,11.35662422,63,7,70,377,447,-12,3,1835,290,2572,50019,22500,,
2020-05-11T17:00:00,ITA,18,Calabria,38.90597598,16.59440194,64,1,65,503,568,-28,2,473,93,1134,47265,45438,,
2020-05-11T17:00:00,ITA,15,Campania,40.83956555,14.25084984,436,23,459,1450,1909,-6,14,2301,392,4602,119042,54822,,
2020-05-11T17:00:00,ITA,08,Emilia-Romagna,44.49436681,11.3417208,1537,141,1678,5362,7040,-151,80,15969,3867,26876,234619,151040,,
2020-05-11T17:00:00,ITA,06,Friuli Venezia Giulia,45.6494354,13.76813649,96,3,99,731,830,-21,8,1996,312,3138,90860,57130,,
2020-05-11T17:00:00,ITA,12,Lazio,41.89277044,12.48366722,1266,83,1349,2945,4294,8,25,2334,562,7190,181398,143970,,
2020-05-11T17:00:00,ITA,07,Liguria,44.41149315,8.9326992,484,38,522,2322,2844,-56,44,4695,1293,8832,68814,41535,,
2020-05-11T17:00:00,ITA,03,Lombardia,45.46679409,9.190347404,5397,341,5738,24673,30411,221,364,36406,15054,81871,492642,292603,,
2020-05-11T17:00:00,ITA,11,Marche,43.61675973,13.5188753,277,28,305,2922,3227,-24,10,2352,964,6543,77830,50206,,
2020-05-11T17:00:00,ITA,14,Molise,41.55774754,14.65916051,11,0,11,218,229,11,13,132,22,383,9390,9247,,
2020-05-11T17:00:00,ITA,01,Piemonte,45.0732745,7.680687483,2021,135,2156,11182,13338,-312,111,12038,3400,28776,213783,147318,,
2020-05-11T17:00:00,ITA,16,Puglia,41.12559576,16.86736689,340,32,372,2172,2544,-125,14,1332,451,4327,79737,55794,,
2020-05-11T17:00:00,ITA,20,Sardegna,39.21531192,9.110616306,84,10,94,417,511,-4,3,712,120,1343,34641,30582,,
2020-05-11T17:00:00,ITA,19,Sicilia,38.11569725,13.3623567,271,16,287,1775,2062,-7,12,1020,257,3339,103134,92609,,
2020-05-11T17:00:00,ITA,09,Toscana,43.76923077,11.25588885,347,77,424,3649,4073,-74,13,4764,950,9787,179469,132464,,
2020-05-11T17:00:00,ITA,22,P.A. Trento,46.06893511,11.12123097,84,11,95,640,735,-51,2,3119,443,4297,53398,31970,,
2020-05-11T17:00:00,ITA,10,Umbria,43.10675841,12.38824698,40,4,44,64,108,-5,1,1233,71,1412,47474,33027,,
2020-05-11T17:00:00,ITA,02,Valle d'Aosta,45.73750286,7.320149366,44,1,45,62,107,-6,1,912,139,1158,10063,7651,,
2020-05-11T17:00:00,ITA,05,Veneto,45.43490485,12.33845213,400,38,438,5022,5460,-131,19,11615,1666,18741,445905,250175,,
