data,stato,codice_regione,denominazione_regione,lat,long,ricoverati_con_sintomi,terapia_intensiva,totale_ospedalizzati,isolamento_domiciliare,totale_positivi,variazione_totale_positivi,nuovi_positivi,dimessi_guariti,deceduti,totale_casi,tamponi,casi_testati,note_it,note_en
2020-04-08T17:00:00,ITA,13,Abruzzo,42.35122196,13.39843823,331,62,393,1141,1534,43,60,146,179,1859,15846,,,
2020-04-08T17:00:00,ITA,17,Basilicata,40.63947052,15.80514834,48,17,65,205,270,5,6,13,14,297,3296,,,
2020-04-08T17:00:00,ITA,21,P.A. Bolzano,46.49933453,11.35662422,268,65,333,948,1281,-20,24,371,183,1835,18865,,,
2020-04-08T17:00:00,ITA,18,Calabria,38.90597598,16.59440194,170,15,185,570,755,22,26,44,60,859,14977,,,
2020-04-08T17:00:00,ITA,15,Campania,40.83956555,14.25084984,608,97,705,2154,2859,94,120,188,221,3268,27784,,,
2020-04-08T17:00:00,ITA,08,Emilia-Romagna,44.49436681,11.3417208,3769,361,4130,8980,13110,62,409,2890,2234,18234,78367,,,
2020-04-08T17:00:00,ITA,06,Friuli Venezia Giulia,45.6494354,13.76813649,162,41,203,1212,1415,36,65,634,169,2218,24798,,,
2020-04-08T17:00:00,ITA,12,Lazio,41.89277044,12.48366722,1241,196,1437,2011,3448,83,117,574,244,4266,55113,,,
2020-04-08T17:00:00,ITA,07,Liguria,44.41149315,8.9326992,1109,153,1262,1983,3245,33,149,1007,654,4906,17521,,,
2020-04-08T17:00:00,ITA,03,Lombardia,45.46679409,9.190347404,11719,1257,12976,15569,28545,202,1089,15147,9722,53414,167557,,,
2020-04-08T17:00:00,ITA,11,Marche,43.61675973,13.5188753,974,133,1107,2455,3562,-176,149,645,652,4859,17532,,,
2020-04-08T17:00:00,ITA,14,Molise,41.55774754,14.65916051,30,4,34,147,181,-4,2,32,13,226,2002,,,
2020-04-08T17:00:00,ITA,01,Piemonte,45.0732745,7.680687483,3493,423,3916,7073,10989,285,540,1516,1378,13883,48495,,,
2020-04-08T17:00:00,ITA,16,Puglia,41.12559576,16.86736689,639,90,729,1509,2238,101,120,177,219,2634,24493,,,
2020-04-08T17:00:00,ITA,20,Sardegna,39.21531192,9.110616306,112,31,143,697,840,19,40,76,59,975,8493,,,
2020-04-08T17:00:00,ITA,19,Sicilia,38.11569725,13.3623567,563,65,628,1265,1893,34,62,133,133,2159,27438,,,
2020-04-08T17:00:00,ITA,09,Toscana,43.76923077,11.25588885,1066,260,1326,4231,5557,130,206,430,392,6379,60985,,,
2020-04-08T17:00:00,ITA,22,P.A. Trento,46.06893511,11.12123097,354,77,431,1509,1940,50,126,407,255,2602,13258,,,
2020-04-08T17:00:00,ITA,10,Umbria,43.10675841,12.38824698,155,41,196,627,823,-23,26,416,50,1289,14105,,,
2020-04-08T17:00:00,ITA,02,Valle d'Aosta,45.73750286,7.320149366,120,20,140,466,606,13,15,142,102,850,2953,,,
2020-04-08T17:00:00,ITA,05,Veneto,45.43490485,12.33845213,1554,285,1839,8332,10171,206,485,1503,736,12410,163247,,,
