data,stato,codice_regione,denominazione_regione,lat,long,ricoverati_con_sintomi,terapia_intensiva,totale_ospedalizzati,isolamento_domiciliare,totale_positivi,variazione_totale_positivi,nuovi_positivi,dimessi_guariti,deceduti,totale_casi,tamponi,casi_testati,note_it,note_en
2020-05-13T17:00:00,ITA,13,Abruzzo,42.35122196,13.39843823,214,7,221,1268,1489,-59,12,1263,375,3127,51361,35898,,
2020-05-13T17:00:00,ITA,17,Basilicata,40.63947052,15.80514834,42,1,43,88,131,-9,2,231,27,389,19678,19186,,
2020-05-13T17:00:00,ITA,21,P.A. Bolzano,46.49933453,11.35662422,56,7,63,350,413,-24,3,1872,290,2575,51181,23120,,
2020-05-13T17:00:00,ITA,18,Calabria,38.90597598,16.59440194,64,1,65,486,551,-17,2,496,93,1140,49787,47960,,
2020-05-13T17:00:00,ITA,15,Campania,40.83956555,14.25084984,402,19,421,1394,1815,-62,15,2421,394,4630,124370,56390,,
2020-05-13T17:00:00,ITA,08,Emilia-Romagna,44.49436681,11.3417208,1165,123,1288,5214,6502,-299,50,16572,3905,26979,243883,155476,,
2020-05-13T17:00:00,ITA,06,Friuli Venezia Giulia,45.6494354,13.76813649,92,2,94,685,779,-22,8,2061,316,3156,94600,58936,,
2020-05-13T17:00:00,ITA,12,Lazio,41.89277044,12.48366722,1224,83,1307,2928,4235,-38,38,2438,577,7250,188632,150097,,
2020-05-13T17:00:00,ITA,07,Liguria,44.41149315,8.9326992,430,35,465,2253,2718,-61,67,4898,1314,8930,72174,43272,,
2020-05-13T17:00:00,ITA,03,Lombardia,45.46679409,9.190347404,5007,307,5314,24718,30032,-643,394,38081,15185,83298,524163,310896,,
2020-05-13T17:00:00,ITA,11,Marche,43.61675973,13.5188753,211,20,231,2782,3013,-195,20,2604,971,6588,80850,52041,,
2020-05-13T17:00:00,ITA,14,Molise,41.55774754,14.65916051,9,1,10,221,231,5,15,148,22,401,10062,9773,,
2020-05-13T17:00:00,ITA,01,Piemonte,45.0732745,7.680687483,1858,122,1980,10511,12491,-693,169,13107,3460,29058,224788,154504,,
2020-05-13T17:00:00,ITA,16,Puglia,41.12559576,16.86736689,310,27,337,1985,2322,-99,11,1566,460,4348,83713,58383,,
2020-05-13T17:00:00,ITA,20,Sardegna,39.21531192,9.110616306,78,10,88,403,491,-15,1,734,120,1345,36710,32449,,
2020-05-13T17:00:00,ITA,19,Sicilia,38.11569725,13.3623567,212,13,225,1664,1889,-22,11,1203,262,3354,107991,96860,,
2020-05-13T17:00:00,ITA,09,Toscana,43.76923077,11.25588885,284,72,356,3207,3563,-278,27,5302,964,9829,189026,138465,,
2020-05-13T17:00:00,ITA,22,P.A. Trento,46.06893511,11.12123097,76,9,85,488,573,-94,9,3293,446,4312,57997,34662,,
2020-05-13T17:00:00,ITA,10,Umbria,43.10675841,12.38824698,36,4,40,66,106,-3,0,1241,72,1419,50731,35313,,
2020-05-13T17:00:00,ITA,02,Valle d'Aosta,45.73750286,7.320149366,38,0,38,55,93,-11,3,929,141,1163,10777,8254,,
2020-05-13T17:00:00,ITA,05,Veneto,45.43490485,12.33845213,364,30,394,4626,5020,-170,31,12081,1712,18813,463154,257017,,
