data,stato,codice_regione,denominazione_regione,lat,long,ricoverati_con_sintomi,terapia_intensiva,totale_ospedalizzati,isolamento_domiciliare,totale_positivi,variazione_totale_positivi,nuovi_positivi,dimessi_guariti,deceduti,totale_casi,tamponi,casi_testati,note_it,note_en
2020-04-09T17:00:00,ITA,13,Abruzzo,42.35122196,13.39843823,306,57,363,1203,1566,32,72,171,194,1931,16847,,,
2020-04-09T17:00:00,ITA,17,Basilicata,40.63947052,15.80514834,50,17,67,208,275,5,6,13,15,303,3474,,,
2020-04-09T17:00:00,ITA,21,P.A. Bolzano,46.49933453,11.35662422,263,64,327,988,1315,34,68,401,187,1903,19875,,,
2020-04-09T17:00:00,ITA,18,Calabria,38.90597598,16.59440194,168,15,183,582,765,10,15,48,61,874,15698,,,
2020-04-09T17:00:00,ITA,15,Campania,40.83956555,14.25084984,604,94,698,2175,2873,14,76,244,227,3344,29664,,,
2020-04-09T17:00:00,ITA,08,Emilia-Romagna,44.49436681,11.3417208,3722,355,4077,9181,13258,148,443,3103,2316,18677,81715,,,
2020-04-09T17:00:00,ITA,06,Friuli Venezia Giulia,45.6494354,13.76813649,167,37,204,1186,1390,-25,81,738,171,2299,26205,,,
2020-04-09T17:00:00,ITA,12,Lazio,41.89277044,12.48366722,1244,198,1442,2090,3532,84,163,644,253,4429,58107,,,
2020-04-09T17:00:00,ITA,07,Liguria,44.41149315,8.9326992,1103,154,1257,1996,3253,8,114,1085,682,5020,18446,,,
2020-04-09T17:00:00,ITA,03,Lombardia,45.46679409,9.190347404,11796,1236,13032,16042,29074,529,1388,15706,10022,54802,176953,,,
2020-04-09T17:00:00,ITA,11,Marche,43.61675973,13.5188753,945,133,1078,2323,3401,-161,96,885,669,4955,18194,,,
2020-04-09T17:00:00,ITA,14,Molise,41.55774754,14.65916051,30,4,34,155,189,8,8,32,13,234,2069,,,
2020-04-09T17:00:00,ITA,01,Piemonte,45.0732745,7.680687483,3514,412,3926,7410,11336,347,639,1732,1454,14522,52807,,,
2020-04-09T17:00:00,ITA,16,Puglia,41.12559576,16.86736689,630,86,716,1585,2301,63,82,190,225,2716,26088,,,
2020-04-09T17:00:00,ITA,20,Sardegna,39.21531192,9.110616306,106,25,131,745,876,36,51,86,64,1026,8918,,,
2020-04-09T17:00:00,ITA,19,Sicilia,38.11569725,13.3623567,566,63,629,1313,1942,49,73,152,138,2232,28742,,,
2020-04-09T17:00:00,ITA,09,Toscana,43.76923077,11.25588885,1038,256,1294,4409,5703,146,173,441,408,6552,65461,,,
2020-04-09T17:00:00,ITA,22,P.A. Trento,46.06893511,11.12123097,345,69,414,1564,1978,38,106,462,268,2708,14338,,,
2020-04-09T17:00:00,ITA,10,Umbria,43.10675841,12.38824698,154,38,192,600,792,-31,9,455,51,1298,15170,,,
2020-04-09T17:00:00,ITA,02,Valle d'Aosta,45.73750286,7.320149366,118,18,136,473,609,3,18,154,105,868,3142,,,
2020-04-09T17:00:00,ITA,05,Veneto,45.43490485,12.33845213,1530,274,1804,8645,10449,278,523,1728,756,12933,171456,,,
