data,stato,codice_regione,denominazione_regione,lat,long,ricoverati_con_sintomi,terapia_intensiva,totale_ospedalizzati,isolamento_domiciliare,totale_positivi,variazione_totale_positivi,nuovi_positivi,dimessi_guariti,deceduti,totale_casi,tamponi,casi_testati,note_it,note_en
2020-06-08T17:00:00,ITA,13,Abruzzo,42.35122196,13.39843823,89,4,93,539,632,-21,0,2215,418,3265,83715,57165,,
2020-06-08T17:00:00,ITA,17,Basilicata,40.63947052,15.80514834,0,0,0,13,13,-1,0,359,27,399,32720,31930,,
2020-06-08T17:00:00,ITA,21,P.A. Bolzano,46.49933453,11.35662422,7,2,9,88,97,0,1,2215,292,2604,72257,34307,,
2020-06-08T17:00:00,ITA,18,Calabria,38.90597598,16.59440194,18,0,18,59,77,-14,0,985,97,1159,76501,74439,,
2020-06-08T17:00:00,ITA,15,Campania,40.83956555,14.25084984,82,6,88,629,717,-8,2,3685,426,4828,219033,109534,,
2020-06-08T17:00:00,ITA,08,Emilia-Romagna,44.49436681,11.3417208,239,31,270,2012,2282,-46,20,21467,4179,27928,360962,215416,,
2020-06-08T17:00:00,ITA,06,Friuli Venezia Giulia,45.6494354,13.76813649,22,3,25,119,144,-7,1,2800,340,3284,148030,85834,,
2020-06-08T17:00:00,ITA,12,Lazio,41.89277044,12.48366722,466,49,515,2100,2615,-75,16,4450,763,7828,275885,222963,,
2020-06-08T17:00:00,ITA,07,Liguria,44.41149315,8.9326992,125,5,130,118,248,5,14,8073,1505,9826,117410,64349,,
2020-06-08T17:00:00,ITA,03,Lombardia,45.46679409,9.190347404,2708,107,2815,16504,19319,-101,194,54768,16302,90389,826465,489775,,
2020-06-08T17:00:00,ITA,11,Marche,43.61675973,13.5188753,41,2,43,1032,1075,-84,2,4681,991,6747,114310,69736,,
2020-06-08T17:00:00,ITA,14,Molise,41.55774754,14.65916051,0,2,2,117,119,-1,0,294,23,436,16966,16224,,
2020-06-08T17:00:00,ITA,01,Piemonte,45.0732745,7.680687483,633,36,669,3197,3866,-96,14,23049,3954,30869,344924,222000,,
2020-06-08T17:00:00,ITA,16,Puglia,41.12559576,16.86736689,94,4,98,600,698,-35,1,3289,525,4512,133164,88228,,
2020-06-08T17:00:00,ITA,20,Sardegna,39.21531192,9.110616306,9,1,10,46,56,-3,0,1175,131,1362,63510,54051,,
2020-06-08T17:00:00,ITA,19,Sicilia,38.11569725,13.3623567,40,7,47,806,853,-9,1,2321,278,3452,165693,140109,,
2020-06-08T17:00:00,ITA,09,Toscana,43.76923077,11.25588885,50,20,70,651,721,-29,9,8349,1074,10144,273706,193737,,
2020-06-08T17:00:00,ITA,22,P.A. Trento,46.06893511,11.12123097,7,1,8,73,81,-1,1,3891,464,4436,95825,51453,,
2020-06-08T17:00:00,ITA,10,Umbria,43.10675841,12.38824698,10,2,12,17,29,0,0,1327,76,1432,76413,54486,,
2020-06-08T17:00:00,ITA,02,Valle d'Aosta,45.73750286,7.320149366,7,0,7,1,8,-1,0,1039,144,1191,15910,12385,,
2020-06-08T17:00:00,ITA,05,Veneto,45.43490485,12.33845213,82,1,83,997,1080,-5,4,16152,1955,19187,750248,355368,,
