data,stato,codice_regione,denominazione_regione,lat,long,ricoverati_con_sintomi,terapia_intensiva,totale_ospedalizzati,isolamento_domiciliare,totale_positivi,variazione_totale_positivi,nuovi_positivi,dimessi_guariti,deceduti,totale_casi,tamponi,casi_testati,note_it,note_en
2020-04-01T17:00:00,ITA,13,Abruzzo,42.35122196,13.39843823,342,71,413,798,1211,20,35,102,123,1436,9610,,,
2020-04-01T17:00:00,ITA,17,Basilicata,40.63947052,15.80514834,39,15,54,171,225,9,11,3,9,237,2262,,,
2020-04-01T17:00:00,ITA,21,P.A. Bolzano,46.49933453,11.35662422,269,57,326,786,1112,-30,47,190,116,1418,11951,,,
2020-04-01T17:00:00,ITA,18,Calabria,38.90597598,16.59440194,144,16,160,450,610,4,10,21,38,669,9983,,,
2020-04-01T17:00:00,ITA,15,Campania,40.83956555,14.25084984,478,129,607,1369,1976,105,139,107,148,2231,15728,,,
2020-04-01T17:00:00,ITA,08,Emilia-Romagna,44.49436681,11.3417208,3898,359,4257,7232,11489,536,713,1566,1732,14787,58457,,,
2020-04-01T17:00:00,ITA,06,Friuli Venezia Giulia,45.6494354,13.76813649,206,60,266,940,1206,46,92,357,122,1685,15987,,,
2020-04-01T17:00:00,ITA,12,Lazio,41.89277044,12.48366722,1131,177,1308,1450,2758,116,169,337,169,3264,35810,,,
2020-04-01T17:00:00,ITA,07,Liguria,44.41149315,8.9326992,1114,179,1293,1352,2645,137,244,555,460,3660,11334,,,
2020-04-01T17:00:00,ITA,03,Lombardia,45.46679409,9.190347404,11927,1342,13269,12496,25765,641,1565,11415,7593,44773,121449,,,
2020-04-01T17:00:00,ITA,11,Marche,43.61675973,13.5188753,984,168,1152,2304,3456,104,137,29,477,3962,12296,,,
2020-04-01T17:00:00,ITA,14,Molise,41.55774754,14.65916051,32,8,40,91,131,14,16,19,10,160,1157,,,
2020-04-01T17:00:00,ITA,01,Piemonte,45.0732745,7.680687483,3146,453,3599,4871,8470,388,494,439,886,9795,30060,,,
2020-04-01T17:00:00,ITA,16,Puglia,41.12559576,16.86736689,637,107,744,1012,1756,102,143,61,129,1946,15209,,,
2020-04-01T17:00:00,ITA,20,Sardegna,39.21531192,9.110616306,119,27,146,529,675,18,23,36,34,745,5501,,,
2020-04-01T17:00:00,ITA,19,Sicilia,38.11569725,13.3623567,496,72,568,976,1544,52,71,86,88,1718,16836,,,
2020-04-01T17:00:00,ITA,09,Toscana,43.76923077,11.25588885,1120,297,1417,3015,4432,206,259,182,253,4867,36575,,,
2020-04-01T17:00:00,ITA,22,P.A. Trento,46.06893511,11.12123097,345,76,421,1062,1483,94,124,214,173,1870,7675,,,
2020-04-01T17:00:00,ITA,10,Umbria,43.10675841,12.38824698,173,45,218,646,864,13,17,194,37,1095,9080,,,
2020-04-01T17:00:00,ITA,02,Valle d'Aosta,45.73750286,7.320149366,85,27,112,428,540,-12,3,32,59,631,1717,,,
2020-04-01T17:00:00,ITA,05,Veneto,45.43490485,12.33845213,1718,350,2068,6156,8224,374,470,902,499,9625,112746,,,
