date,cases,recovered,deaths,active,daily_cases,case_rate
2020-01-25,28,0,0,28,,
2020-01-26,43,3,0,40,15.0,
2020-01-27,50,3,0,47,7.0,
2020-01-28,69,6,0,63,19.0,
2020-01-29,80,6,0,74,11.0,
2020-01-30,94,8,0,86,14.0,
2020-01-31,125,8,0,117,31.0,
2020-02-01,147,9,0,138,22.0,
2020-02-02,157,9,1,148,10.0,-0.04201680672268915
2020-02-03,171,9,1,162,14.0,0.06140350877192979
2020-02-04,191,9,1,182,20.0,0.008264462809917328
2020-02-05,203,9,1,194,12.0,0.00819672131147553
2020-02-06,216,10,1,206,13.0,-0.008130081300813163
2020-02-07,225,12,1,213,9.0,-0.18032786885245888
2020-02-08,255,20,1,235,30.0,0.08000000000000007
2020-02-09,267,25,1,242,12.0,0.01851851851851838
2020-02-10,280,28,1,252,13.0,-0.009090909090909038
2020-02-11,290,47,1,243,10.0,-0.09174311926605505
2020-02-12,295,68,1,227,5.0,-0.07070707070707072
2020-02-13,312,78,2,234,17.0,0.04347826086956519
2020-02-14,333,81,2,252,21.0,0.125
2020-02-15,353,97,3,256,20.0,-0.09259259259259256
2020-02-16,367,110,4,257,14.0,0.020408163265306145
2020-02-17,382,121,4,261,15.0,0.020000000000000018
2020-02-18,399,146,5,253,17.0,0.06862745098039214
2020-02-19,412,158,7,254,13.0,0.07339449541284404
2020-02-20,501,162,8,339,89.0,0.6153846153846152
2020-02-21,657,185,12,472,156.0,0.7142857142857142
2020-02-22,967,186,14,781,310.0,0.8950617283950617
2020-02-23,1269,207,22,1062,302.0,0.4690553745928341
2020-02-24,1614,212,32,1402,345.0,0.36585365853658525
2020-02-25,1954,229,42,1725,340.0,0.2621753246753247
2020-02-26,2505,290,50,2215,551.0,0.34598070739549835
2020-02-27,3431,337,64,3094,926.0,0.39990444338270414
2020-02-28,4488,372,77,4116,1057.0,0.3075085324232083
2020-02-29,5953,452,99,5501,1465.0,0.3014878621769772
2020-03-01,7760,544,118,7216,1807.0,0.30184516646610504
2020-03-02,9534,738,165,8796,1774.0,0.22015097827761498
2020-03-03,11992,768,207,11224,2458.0,0.26742424242424256
2020-03-04,14179,1159,266,13020,2187.0,0.16298067344092448
2020-03-05,16792,1494,327,15298,2613.0,0.14450916566729477
2020-03-06,20639,1881,410,18758,3847.0,0.20881670533642693
2020-03-07,24614,2780,481,21834,3975.0,0.1554083338492973
2020-03-08,28520,3266,697,25254,3906.0,0.11248057446010407
2020-03-09,32446,3649,858,28797,3926.0,0.10366088631984582
2020-03-10,37429,4182,1122,33247,4983.0,0.11020425977653625
2020-03-11,45073,5032,1443,40041,7644.0,0.2145300153319969
2020-03-12,50851,5097,1738,45754,5778.0,0.10244707710235001
2020-03-13,65207,5729,2227,59478,14356.0,0.3085528054258788
2020-03-14,76239,6636,2634,69603,11032.0,0.15834230838269603
2020-03-15,87497,8689,3265,78808,11258.0,0.142411622276029
2020-03-16,102183,9850,3927,92333,14686.0,0.18244400359462154
2020-03-17,118041,11714,4725,106327,15858.0,0.15594304314782703
2020-03-18,137485,13239,5617,124246,19444.0,0.14638019153475912
2020-03-19,164543,14096,6722,150447,27058.0,0.23027312470241967
2020-03-20,195023,15810,8197,179213,30480.0,0.14182176406431424
2020-03-21,226873,19486,9911,207387,31850.0,0.16036544031552347
2020-03-22,260890,25190,11569,235700,34017.0,0.1510880677669051
2020-03-23,304133,25204,13512,278929,43243.0,0.16469522991124208
2020-03-24,345440,34339,15785,311101,41307.0,0.12601634067838563
2020-03-25,396264,39362,18579,356902,50824.0,0.13799532979476603
2020-03-26,458779,47293,21588,411486,62515.0,0.1370165276162285
2020-03-27,523541,55522,25078,468019,64762.0,0.11651191560516061
2020-03-28,590692,63628,28787,527064,67151.0,0.1074552992530089
2020-03-29,649916,72591,32249,577325,59224.0,0.0692844518840412
2020-03-30,714929,87663,36292,627266,65013.0,0.05596027000766024
2020-03-31,791568,100824,41035,690744,76639.0,0.08600862715313684
2020-04-01,867870,115660,46517,752210,76302.0,0.057109170462288805
2020-04-02,948992,132513,52748,816479,81122.0,0.03945454468348575
2020-04-03,1032054,147732,58841,884322,83062.0,0.03733071134384458
2020-04-04,1112290,167945,64986,944345,80236.0,0.025731888860265117
2020-04-05,1184110,181477,70162,1002633,71820.0,0.024148865601478553
2020-04-06,1257197,197874,76096,1059323,73087.0,0.015114359202836436
2020-04-07,1334799,221086,84327,1113713,77602.0,0.0017758746597622554
2020-04-08,1418688,249601,91072,1169087,83889.0,0.01396643416888943
2020-04-09,1505009,274803,98842,1230206,86321.0,0.009438689367449848
2020-04-10,1592398,296399,106230,1295999,87389.0,0.007782136157707287
2020-04-11,1668487,322523,112459,1345964,76089.0,-0.007400810930428325
2020-04-12,1763669,341827,118269,1421842,95182.0,0.042003103217025606
2020-04-13,1833696,368889,124182,1464807,70027.0,-0.005279876595825406
2020-04-14,1904912,393760,131154,1511152,71216.0,-0.011077209153875334
2020-04-15,1986694,430042,139497,1556652,81782.0,-0.003695758560145146
2020-04-16,2083497,460750,146795,1622747,96803.0,0.018454030415171685
2020-04-17,2170897,487626,153869,1683271,87400.0,1.9015087607821002e-05
2020-04-18,2244218,511441,159879,1732777,73321.0,-0.004784796516502321
2020-04-19,2324134,542989,165134,1781145,79916.0,-0.02651585549501423
2020-04-20,2398615,564892,170991,1833723,74481.0,0.007946972603106506
2020-04-21,2474401,599474,178176,1874927,75786.0,0.008089655331118273
2020-04-22,2552365,629734,184892,1922631,77964.0,-0.006704255920658819
2020-04-23,2640551,658357,191733,1982194,88186.0,-0.015233236280452811
2020-04-24,2724674,708165,198381,2016509,84123.0,-0.0058827330923033605
2020-04-25,2808293,735828,204012,2072465,83619.0,0.01859593301997009
2020-04-26,2880453,764312,207944,2116141,72160.0,-0.013749944599565689
2020-04-27,2950149,791953,212615,2158196,69696.0,-0.008601180258089203
2020-04-28,3025538,825058,219160,2200480,75389.0,-0.0007198105647159281
2020-04-29,3103006,867141,225886,2235865,77468.0,-0.0008999577237601697
2020-04-30,3186305,932033,231884,2254272,83299.0,-0.00887511100699001
2020-05-01,3273508,970182,237032,2303326,87203.0,0.005643568347643901
2020-05-02,3353718,1011044,242509,2342674,80210.0,-0.006211349879927219
2020-05-03,3430158,1043256,245972,2386902,76440.0,0.007847091717468002
2020-05-04,3507207,1077100,250064,2430107,77049.0,0.013376265451469527
2020-05-05,3587676,1113544,255953,2474132,80469.0,0.009119337663223481
2020-05-06,3677620,1159458,262500,2518162,89944.0,0.022193838523636655
2020-05-07,3766567,1198783,267794,2567784,88947.0,0.009829207085104041
2020-05-08,3857837,1235281,273268,2622556,91270.0,0.007008902874908296
2020-05-09,3942617,1288551,277561,2654066,84780.0,0.007820936492968666
2020-05-10,4017768,1322095,281144,2695673,75151.0,-0.002188830342724324
2020-05-11,4094677,1369044,284615,2725633,76909.0,-0.0002382532632188017
2020-05-12,4178885,1406018,290134,2772867,84208.0,0.006364580318994895
2020-05-13,4263663,1461696,295205,2801967,84778.0,-0.008738026653856812
2020-05-14,4360336,1501383,300386,2858953,96673.0,0.013183332963622174
2020-05-15,4456722,1549367,305507,2907355,96386.0,0.008616145335980763
2020-05-16,4550818,1605927,309682,2944891,94096.0,0.015555574108551795
2020-05-17,4628202,1646821,312960,2981381,77384.0,0.0036714836049267507
2020-05-18,4716877,1699699,316653,3017178,88675.0,0.01927481103608253
2020-05-19,4814085,1751790,321372,3062295,97208.0,0.02089360334297652
2020-05-20,4916764,1810372,326131,3106392,102679.0,0.0281816750629722
2020-05-21,5023343,1861618,330852,3161725,106579.0,0.01516763869600557
2020-05-22,5129342,1970224,336046,3159118,105999.0,0.014499092769759692
2020-05-23,5234003,2025183,339959,3208820,104661.0,0.0157072343968363
2020-05-24,5328430,2080611,343074,3247819,94427.0,0.02494639080190586
2020-05-25,5414760,2144314,344266,3270446,86330.0,-0.0033489092124279196
2020-05-26,5508003,2199522,348373,3308481,93243.0,-0.005681468097088027
2020-05-27,5611018,2262474,353519,3348544,103015.0,0.0004842070676938093
2020-05-28,5730537,2329313,358136,3401224,119519.0,0.018638711480236436
2020-05-29,5851506,2406532,362728,3444974,120969.0,0.021168166019507995
2020-05-30,5988480,2476953,366802,3511527,136974.0,0.0447446840329897
2020-05-31,6095095,2553252,369777,3541843,106615.0,0.01615423664339688
2020-06-01,6190432,2608020,372848,3582412,95337.0,0.011748286409318132
2020-06-02,6311788,2712130,377577,3599658,121356.0,0.036243412163904365
2020-06-03,6429931,2791145,383016,3638786,118143.0,0.01882095336439482
2020-06-04,6557110,2861136,388135,3695974,127179.0,0.009353862986666517
2020-06-05,6687941,2930249,392693,3757692,130831.0,0.011931190590546814
2020-06-06,6822771,3002420,396552,3820351,134830.0,-0.0025632595479625486
2020-06-07,6934685,3057466,399293,3877219,111914.0,0.006351500855217074
2020-06-08,7037091,3208818,402966,3828273,102406.0,0.008419585750187641
2020-06-09,7161771,3291064,407807,3870707,124680.0,0.0039260198025414805
2020-06-10,7296180,3370155,412864,3926025,134409.0,0.019136853325301795
2020-06-11,7434282,3456015,417552,3978267,138102.0,0.012609538365989437
2020-06-12,7562704,3535535,421765,4027169,128422.0,-0.0027463256921105295
2020-06-13,7697968,3621434,425953,4076534,135264.0,0.0004961343815410579
2020-06-14,7830560,3692198,429358,4138362,132592.0,0.0236266806216201
2020-06-15,7950245,3772106,432770,4178139,119685.0,0.019287288963304006
2020-06-16,8091977,3869866,439489,4222111,141732.0,0.01867373958828411
2020-06-17,8234349,3988573,444580,4245776,142372.0,0.00856046940140165
2020-06-18,8374443,4069580,449563,4304863,140094.0,0.002123284823949634
2020-06-19,8554096,4164533,455722,4389563,179653.0,0.05449173067166169
2020-06-20,8711158,4280289,459934,4430869,157062.0,0.02198726638907722
2020-06-21,8839203,4348985,463934,4490218,128045.0,-0.00448780584095787
2020-06-22,8977036,4440432,467488,4536604,137833.0,0.017992490901141522
2020-06-23,9142241,4544447,472711,4597794,165205.0,0.022860543187464666
2020-06-24,9312926,4660115,477881,4652811,170685.0,0.02695798389738191
2020-06-25,9491003,4752905,482577,4738098,178077.0,0.03521584458040539
2020-06-26,9682156,4859539,487274,4822617,191153.0,0.010299491294690988
2020-06-27,9860519,4965797,491738,4894722,178363.0,0.018882860840735427
2020-06-28,10022381,5054898,494876,4967483,161862.0,0.029422435596822893
2020-06-29,10178203,5149240,498596,5028963,155822.0,0.01520396761941134
2020-06-30,10352177,5266391,503548,5085786,173974.0,0.007300400360649384
2020-07-01,10569081,5382187,508471,5186894,216904.0,0.038199541132754256
2020-07-02,10777014,5666970,513538,5110044,207933.0,0.02376776751276699
2020-07-03,10979592,5776722,518473,5202870,202578.0,0.008884060867286658
2020-07-04,11173123,5972439,522837,5200684,193531.0,0.011690750063972244
2020-07-05,11356084,6091749,526310,5264335,182961.0,0.016074154886012826
2020-07-06,11521546,6215236,530127,5306310,165462.0,0.007227996038098539
2020-07-07,11732355,6360025,536146,5372330,210809.0,0.027420398215496578
2020-07-08,11944419,6517693,541416,5426726,212064.0,-0.0035067940512021334
2020-07-09,12172369,6651962,546823,5520407,227950.0,0.014554240484884629
2020-07-10,12404501,6791124,552114,5613377,232132.0,0.021180273120460447
2020-07-11,12620567,6916562,556903,5704005,216066.0,0.015815045030945774
2020-07-12,12813128,7028210,560893,5784918,192561.0,0.006632380941853366
2020-07-13,13005189,7168319,564695,5836870,192061.0,0.018255454193558895
2020-07-14,13226336,7310196,570286,5916140,221147.0,0.006967983537818689
2020-07-15,13457436,7469571,575714,5987865,231100.0,0.012741795243714549
2020-07-16,13709882,7621810,581463,6088072,252446.0,0.01619016838541798
2020-07-17,13951922,7804953,588118,6146969,242040.0,0.00644417315495871
2020-07-18,14188626,7955532,593736,6233094,236704.0,0.013337029806368195
2020-07-19,14402697,8043364,597788,6359333,214071.0,0.01371759608535128
2020-07-20,14609118,8201893,601953,6407225,206421.0,0.009033895351507226
2020-07-21,14842528,8376192,608119,6466336,233410.0,0.007645600272830011
2020-07-22,15123107,8552170,615041,6570937,280579.0,0.030614555696352852
2020-07-23,15405824,8722135,624936,6683689,282717.0,0.018173456823106227
2020-07-24,15686057,8951258,630969,6734799,280233.0,0.022520227696466
2020-07-25,15941474,9170257,636513,6771217,255417.0,0.010790970714505965
2020-07-26,16154408,9310676,640173,6843732,212934.0,-0.0006486586401102112
2020-07-27,16380264,9479953,645342,6900311,225856.0,0.01109486667606685
2020-07-28,16632442,9653696,651652,6978746,252178.0,0.010596529026968948
2020-07-29,16921770,9855237,658223,7066533,289328.0,0.0048879443369904685
2020-07-30,17201718,10077491,664228,7124227,279948.0,-0.001539476822506436
2020-07-31,17491769,10275868,670443,7215901,290051.0,0.005466915085188706
2020-08-01,17742183,10460198,675929,7281985,250414.0,-0.0027706522413318835
2020-08-02,17970440,10596778,680193,7373662,228257.0,0.008509426009421839
2020-08-03,18171694,10818873,684501,7352821,201254.0,-0.013547118112456236
2020-08-04,18430169,11040381,691416,7389788,258475.0,0.003515068967249624
2020-08-05,18702176,11261691,698378,7440485,272007.0,-0.009634944571673021
2020-08-06,18986691,11450291,704870,7536400,284515.0,0.0025651452533861363
2020-08-07,19267271,11642521,711170,7624750,280580.0,-0.0053059626111992
2020-08-08,19526420,11843535,716596,7682885,259149.0,0.0049197353762484575
2020-08-09,19749765,12020210,721143,7729555,223345.0,-0.0027529974997716478
2020-08-10,19976783,12184259,726047,7792524,227018.0,0.014479648181192184
2020-08-11,20231630,12489108,732472,7742522,254847.0,-0.00200987319738799
2020-08-12,20509269,12730217,739084,7779052,277639.0,0.0031263513337231874
2020-08-13,20795109,12895073,745295,7900036,285840.0,0.0007332218098348164
2020-08-14,21099172,13179281,755416,7919891,304063.0,0.01298538280419681
2020-08-15,21346750,13348000,760765,7998750,247578.0,-0.006316389368202779
2020-08-16,21558591,13579157,764964,7979434,211841.0,-0.006319733235182645
2020-08-17,21768313,13790519,769103,7977794,209722.0,-0.009562003199865665
2020-08-18,22024452,14018238,775978,8006214,256139.0,0.0007211712893449018
2020-08-19,22298824,14235558,782730,8063266,274372.0,-0.0018222667950303917
2020-08-20,22565882,14443208,788764,8122674,267058.0,-0.010495346608514478
2020-08-21,22835077,14612906,794255,8222171,269195.0,-0.019690835584233457
2020-08-22,23100338,14822805,799831,8277533,265261.0,0.010186617355212313
2020-08-23,23305636,15037968,803683,8267668,205298.0,-0.0037312071022383986
2020-08-24,23531799,15237995,808040,8293804,226163.0,0.009410747862819813
2020-08-25,23773265,15470444,814420,8302821,241466.0,-0.008320451650877803
2020-08-26,24061720,15694681,820706,8367039,288455.0,0.008052890732170859
2020-08-27,24340674,15896220,826593,8444454,278954.0,0.0067479874025466735
2020-08-28,24621818,16096369,832103,8525449,281144.0,0.00673261993518115
2020-08-29,24882585,16307793,837480,8574792,260767.0,-0.0025151938641359006
2020-08-30,25108785,16516283,841388,8592502,226200.0,0.01172789181297551
2020-08-31,25370947,16717667,845592,8653280,262162.0,0.01996451762999074
2020-09-01,25634875,16972393,852072,8662482,263928.0,0.012213263967880916
2020-09-02,25917225,17190781,858080,8726444,282350.0,-0.0032794194272700583
2020-09-03,26197754,17411497,863787,8786257,280529.0,0.0008488255218930263
2020-09-04,26510268,17625251,869695,8885017,312514.0,0.016892110194498988
2020-09-05,26773290,17825538,874638,8947752,263022.0,0.0011941009822868942
2020-09-06,26995251,18035708,878403,8959543,221961.0,-0.002242020833498559
2020-09-07,27228809,18234293,887712,8994516,233558.0,-0.01516274345787294
2020-09-08,27469778,18435023,892650,9034755,240969.0,-0.012357753159276674
2020-09-09,27752905,18674883,898732,9078022,283127.0,0.00042345562680967674
2020-09-10,28051852,18890426,904538,9161426,298947.0,0.010033339144077447
2020-09-11,28371411,19113734,910413,9257677,319559.0,0.0037996912784545867
2020-09-12,28647695,19336462,915289,9311233,276284.0,0.007125728651694141
2020-09-13,28883615,19522104,918937,9361511,235920.0,0.00744716323313277
2020-09-14,29162999,19751507,923368,9411492,279384.0,0.02426756705804589
2020-09-15,29446491,19976102,929914,9470389,283492.0,0.02198491358139565
2020-09-16,29750709,20205069,935667,9545640,304218.0,0.010669733036611895
2020-09-17,30064053,20423933,941125,9640120,313344.0,0.007206412641080018
2020-09-18,30387248,20675202,946832,9712046,323195.0,0.001806976539619809
2020-09-19,30668143,20912212,952067,9755931,280895.0,0.0022873873234792175
2020-09-20,30908790,21148212,955763,9760578,240647.0,0.0023395801327228405
2020-09-21,31207848,21391358,959814,9816490,299058.0,0.009714716012196645
2020-09-22,31486635,21609354,965691,9877281,278787.0,-0.002300903391888709
2020-09-23,31752278,21871414,971277,9880864,265643.0,-0.018907979044616385
2020-09-24,32113185,22125912,977995,9987273,360907.0,0.02376285803786926
2020-09-25,32443118,22365033,983909,10078085,329933.0,0.003288221549416992
2020-09-26,32720490,22608223,989190,10112267,277372.0,-0.0017136297528539401
2020-09-27,32960647,22818464,992792,10142183,240157.0,-0.00023875104940829228
2020-09-28,33237436,23043841,996710,10193595,276789.0,-0.010853095512991517
2020-09-29,33521152,23280183,1002801,10240969,283716.0,0.002428571710120675
2020-09-30,33846278,23529482,1009186,10316796,325126.0,0.029236914707520212
2020-10-01,34163533,23749904,1017885,10413629,317255.0,-0.020846227316141386
2020-10-02,34458602,23921065,1022849,10537537,295069.0,-0.017003942745329015
2020-10-03,34778430,24179101,1028202,10599329,319828.0,0.021064915424781283
2020-10-04,35026248,24397197,1031966,10629051,247818.0,0.0037226546935285043
2020-10-05,35351079,24635692,1038970,10715387,324831.0,0.02325812197031274
2020-10-06,35677810,24867123,1044732,10810687,326731.0,0.020351118897562248
2020-10-07,36026748,25122330,1050539,10904418,348938.0,0.011041157197849483
2020-10-08,36386001,25341594,1056783,11044407,359253.0,0.019260985016991805
2020-10-09,36745960,25545994,1062896,11199966,359959.0,0.029197270781851525
2020-10-10,37076839,25737991,1067722,11338848,330879.0,0.004831338163942878
2020-10-11,37345250,25955776,1071615,11389474,268411.0,0.008959676019368201
2020-10-12,37670691,26159909,1075536,11510782,325441.0,0.00026304418883627
2020-10-13,37998116,26350202,1080976,11647914,327425.0,0.00029918796764305533
2020-10-14,38378206,26561576,1086978,11816630,380090.0,0.013425815388142581
2020-10-15,38784713,26768679,1093083,12016034,406507.0,0.020095617272347654
2020-10-16,38784713,26768679,1093083,12016034,0.0,-0.1500634507185522
